long	lat	elev	station	year	month	day	max	min	total_ppt
-122.39	49.03	54	42708	1971	1	1	5.295149059	-0.211209963	5.933870869
-122.39	49.03	54	42708	1971	1	2	5.297880641	-0.220633236	5.933870869
-122.39	49.03	54	42708	1971	1	3	5.30379379	-0.228166942	5.933870869
-122.39	49.03	54	42708	1971	1	4	5.312886703	-0.233808787	5.933870869
-122.39	49.03	54	42708	1971	1	5	5.325156612	-0.237557053	5.933870869
-122.39	49.03	54	42708	1971	1	6	5.340599778	-0.239410596	5.933870869
-122.39	49.03	54	42708	1971	1	7	5.359211498	-0.239368853	5.933870869
-122.39	49.03	54	42708	1971	1	8	5.380986102	-0.237431837	5.933870869
-122.39	49.03	54	42708	1971	1	9	5.405916958	-0.233600137	5.933870869
